81 198
50 166
10 89
42 77
10 22
7 179
124 187
43 57
49 69
107 180
29 189
48 49
82 135
84 119
90 166
167 199
34 193
20 21
71 146
19 147
35 49
10 189
22 68
6 200
100 173
52 108
124 199
119 184
132 169
2 7
24 141
73 168
31 73
20 84
2 189
33 37
95 121
95 150
130 191
20 97
20 101
27 59
50 94
165 194
27 43
87 143
84 114
60 88
189 196
54 63
2 58
4 113
126 157
116 146
6 71
109 115
11 109
45 103
69 187
14 76
7 178
49 89
141 194
6 66
14 87
69 119
15 151
49 191
119 199
18 126
75 117
94 169
58 67
130 163
26 139
56 198
71 80
2 150
78 195
13 26
34 54
32 134
32 200
13 63
121 136
121 169
42 163
8 8
48 166
19 118
107 163
136 157
127 177
133 156
63 189
127 148
106 116
39 65
106 111
43 193
70 81
92 120
51 143
32 187
19 87
42 126
27 183
8 25
127 144
11 183
74 107
39 145
131 196
35 81
49 197
113 193
80 81
69 154
80 113
46 89
2 171
31 71
34 122
32 41
6 177
17 129
47 79
6 19
35 144
24 148
58 171
28 123
55 155
79 176
16 185
53 133
67 70
43 135
77 135
78 144
8 67
11 64
32 109
157 182
20 139
115 148
6 18
5 114
120 134
6 158
80 166
59 119
96 154
17 125
84 179
43 78
95 171
7 150
24 124
32 67
31 58
19 196
73 184
10 181
41 101
5 169
160 161
119 123
46 73
34 59
108 192
34 152
110 136
42 125
18 183
101 182
125 168
35 139
26 167
142 148
69 172
101 170
56 158
69 106
20 188
5 67
39 186
38 81
78 112
152 188
165 187
74 177
158 200
44 65
39 109
2 47
98 192
88 119
58 76
1 161
