0
0
0
0
3.39566628561312
4.6119097070858
0
3.47128498061189
0
1.48629727872706
0
0
2.01300253638126
-3.80904045071745
0
0
0
-4.36615407064072
0
3.2468683588558
0
3.70507488691881
-2.72961845831396
0
0
-3.68399140724326
0
0
3.28163789700667
0
2.06324033483369
0
-4.12332030081958
-0.447576660010113
0
-1.57451023723397
0
0
0
-4.58523190854223
0
0
0
0
0
0
0
2.06662189207177
0
-2.94474537193573
0
0
0
0
0
0
0
0
0
-4.65693202875543
2.10629447365346
0
4.38436916613719
0
0
0
0
0
0
0
0
0
0
0
0
0
0
0
0
2.09211488964009
0
0
0
0
0
-2.89559303213716
0
3.5994988816493
0
0
0
0
0
-2.4669115097567
3.93546447030954
-2.57457926643003
0
0
0
2.33636780519298
0
3.80032428972329
3.41656456697759
0
3.35484219023972
0
-1.07376681090787
0
-2.09709323998046
0
0
0
0
0
0
0
0
3.74204135412559
0
0
0
0
0
0
0
0
0
0
1.99971939486687
0
0
0
3.15196688447759
3.9712354823093
0
0
3.20615832866985
0
2.97625179611678
-4.03489867562713
0
0
0
2.40087880952137
0
0
0
0
-2.33612911055305
0
0
0
0
0
0
-3.88959701275063
3.10158645870708
0
3.71986181345516
0
-1.91976931946071
0
-1.83617001095961
0
0
0
0
0
0
0
0
0
0
0
3.0017063478319
-3.73742057456866
-3.6238309222964
0
0
0
0
0
0
4.48853821441408
0
-2.270406014977
0
-3.52041282712294
0
0
0
0
4.17068454047102
2.49048921840369
0
0
0
0
0
0
0
0
3.98692912244713
0
0
0
0
0
0
3.81820960314996
-2.55770159918571
0
0
0
0
0
0
0
0
0
0
1.12115286239265
1.7733322215046
0
0
0
0
-3.48827732996863
-5.37094126322543
0
4.55960983232184
0
0
0
0
2.877819103519
0
-3.12717682397507
-0.938539395761542
0
0
0
0
3.96257034531314
0
3.63061784682364
0
-3.79633052752169
0
2.88177888129779
2.71826321913616
0
0
0
0
0
0
0
0
0
0
0
0
4.53867952956882
0
0
-3.32556949631697
0
0
0
-2.57128361798326
0
-2.81212661600364
0
0
0
0
0
0
0
-3.68129270681695
0
3.47194672330088
2.67932145939518
0
0
0
2.25150057043771
0
0
0
3.88967319982264
0
2.46107156107018
0
0
0
0
0
-3.95182566025389
0
0
2.20244257546707
3.22190480215555
-3.91561387432606
0
0
0
0
0
0
0
0
0
0
0
1.39498274757139
0
0
0
0
4.33514269775374
-3.00514902969851
0
0
0
3.83318148830152
0
0
-1.91311920464422
0
-3.0518834949376
0
0
0
0
0
3.44216758352845
0
0
0
0
-2.67329377601436
0
2.33467248091533
0
0
0
0
0
0
0
0
0
0
0
-2.33701910019633
0
0
0
0
0
0
0
0
0
5.01230051253286
0
0
0
0
0
0
0
-2.83437431761965
-3.29256010604216
0
3.32980589232239
0
0
0
0
3.13689628177538
0
0
0
0
0
0
0
0
0
-3.15669139811209
0
0
0
0
3.10035418132022
0
0
0
0
0
0
3.89143586914956
0
-3.7224659154404
0
0
0
0
0
0
0
0
0
0
0
0
0
0
0
0
0
2.42987739803343
-3.10382064210302
0
0
-3.21556840139437
1.10389147552641
0
0
0
0
-2.81596785642479
4.02409938021036
0
1.4966761665321
0
0
2.49565919003188
0
0
-2.59752791495946
0
0
0
0
0
0
0
0
0
3.4325735650655
0
0
0
0
0
0
0
3.10558352911752
-3.44531497953754
0
0
0
0
0
4.18020055935006
0
2.81862134605921
2.52814349291593
0
0
0
-3.47986316176775
0
-4.11407554160407
0
0
0
0
0
0
-3.72069275288351
0
-3.84961879159046
0
0
0
0
0
0
0
0
0
0
-4.20462931212344
0
0
0
0
-1.73791815061451
0
1.77705695848764
0
0
-3.88369609537998
0
0
0
0
0
0
0
-3.44878704500556
0
0
0
3.1725721227926
0
1.9018633930445
0
3.90983724897029
5.68466204735976
4.91049421810969
1.58420025931186
4.00270512063874
0
0
0
-2.0294697749849
0
-2.69660522586088
0
0
0
0
0
0
2.74235366066025
0
0
0
-1.26180298694798
0
0
0
3.87702179549967
-3.54889917379515
0
0
0
0
0
0
0
2.82408067217831
0
0
0
0
-2.41711422877467
2.64918414938296
0
0
-4.38629174164974
0
0
0
0
0
0
2.77385951958004
0
0
0
0
0
4.52015510874322
0
0
2.98686865835102
0
3.16362821781063
3.07810298006655
0
0
0
0
0
1.98178893763171
0
0
0
0
0
0
0
0
0
0
-4.3510871775313
-2.99250749872178
0
0
-3.30018170668641
0
0
0
0
0
0
0
0
0
0
0
0
0
0
0
0
0
-2.93097054149467
3.64335802359133
0
2.87573964342417
0
0
0
0
0
0
0
0
0
-3.90852766328318
0
-1.88426831177897
0
0
0
0
-0.41308253451616
0
0
0
0
0
0
0
0
0
0
0
0
0
0
0
0
0
0
0
0
0
-2.05346071456404
0
0
1.87060049316225
0
0
0
-1.53077688176578
5.04913315639646
0
0
0
-2.47631498141516
0
0
-3.33584217914126
0
0
0
0
1.1110952975441
0
0
0
1.87275187492793
-2.01381702019354
0
-3.00264537117969
0
0
0
4.43378720520066
0
1.89692674920674
0
0
0
-4.07593194351352
2.94435529199198
0
0
0
2.78676345165576
0
0
0
3.73460902585474
0
3.86847152553081
0
-4.33870206158291
0
0
0
0
0
0
0
0
0
0
0
0
0
0
-4.83318076839199
0
2.80945187328465
0
3.25075204426857
0
3.47535145844702
3.32463789544347
0
0
0
-2.0437381322284
3.87435015010444
0
0
0
0
0
0
0
0
0
-2.557119217529
0
0
0
0
-2.09608978897833
0
2.15005867135068
0
0
0
0
1.57590949099662
0
-4.50094990138594
0
-1.96696906566307
2.77501926757199
-4.24347300650818
0
0
0
0
0
-2.15784473271944
1.89273750598905
0
0
0
0
0
0
0
0
0
0
0
0
-1.7274844859637
-2.58062915546438
0
-2.53386053617571
0
2.59460917660888
0
0
0
