0
0
0
-4.1107138678493
0
0
0
-4.39446521128125
-3.81720986185327
0
0
0
0
0
3.76126217844819
0
0
-4.54628144454411
0
0
0
0
0
0
0
0
0
0
0
0
0
0
2.43139890611829
0
0
0
0
0
0
0
0
0
0
0
-2.33642179888746
0
0
0
0
0
0
0
0
0
0
0
0
0
2.86081451361465
0
0
0
0
-4.49328353771938
0
0
0
0
0
0
0
0
-3.82497069001617
0
0
0
0
0
-2.4975281833927
1.40296800827126
-3.06051171086346
0
0
0
0
0
-4.36611387550608
0
0
0
4.13336133686333
0
0
0
0
0
0
2.72913220553629
0
0
0
0
0
0
0
0
0
0
0
0
0
0
0
0
0
0
0
0
0
0
0
0
0
0
0
0
0
0
3.42657621809146
0
2.88974527743788
0
0
0
0
0
0
0
0
0
-1.49355159376138
0
0
0
5.15083748939977
0
3.9698298494338
0
0
0
0
0
0
0
0
0
0
0
0
0
-3.69217871017752
0
0
0
1.53478669165229
0
0
0
0
0
0
0
0
0
0
0
0
0
0
0
0
0
0
3.40605554797996
0
0
0
0
0
0
0
0
0
0
0
0
0
-2.00436384472924
0
0
1.98803854823093
0
0
0
0
0
0
0
0
0
0
2.56838785586049
0
0
0
0
0
0
3.3222585526271
0
0
0
0
0
0
-1.70317338461212
0
0
0
0
0
0
0
0
0
0
0
0
-3.63923389964618
0
0
0
-2.67506857564381
0
0
0
0
0
5.10980973213176
0
0
0
3.96533487696158
0
0
0
0
0
0
0
0
0
0
0
0
0
0
0
0
0
0
0
0
0
0
0
0
0
0
0
0
0
0
0
2.31694955711428
0
0
0
0
0
0
0
-3.18654139749083
0
-1.77800406476228
0
0
0
2.98221302329345
-2.48340042095114
0
0
0
0
0
-3.29823889860347
0
0
0
0
0
0
0
0
0
4.63481161901232
0
-0.860083744090052
0
0
-3.2290298159765
0
0
0
0
0
0
2.4455799706712
0
0
0
0
0
0
0
0
0
0
0
0
0
0
0
0
3.07691118070808
0
0
0
0
0
0
0
0
0
0
-1.46691924817579
0
-3.1088727842197
0
0
-3.46584330376636
0
0
0
0
0
0
0
0
0
0
0
0
0
0
0
1.45293909161434
0
1.33230604773071
0
0
0
0
0
0
3.04176441569736
0
0
0
0
0
0
0
0
0
0
0
0
0
0
