0
-2.81123789675053
0
0
0
0
0
0
0
-3.78634319006418
0
0
0
0
0
-2.2116764376635
0
0
0
0
0
0
0
0
-2.25961892175066
0
0
0
0
-3.14830751801471
0
0
0
0
0
0
0
-3.33387064571925
-2.08562278200612
-2.1422650719539
0
0
4.30910210344847
0
-2.65232960312915
0
0
0
0
0
-1.42304727982164
0
0
0
0
0
0
0
0
0
0
0
0
-1.49488949795476
0
3.33344305334501
0
0
0
0
0
0
0
0
0
0
0
0
0
0
0
0
0
0
0
0
0
0
0
3.19786426895032
0
0
0
2.05953169503794
0
0
0
0
0
0
0
0
0
0
0
0
-2.76882792938632
0
0
0
0
0
0
0
0
-3.95817768171452
3.08674137463184
0
0
0
0
0
0
0
0
0
0
0
0
0
0
0
0
0
0
0
0
0
0
0
0
0
0
2.53128600924092
0
0
-3.25604655380986
0
0
0
0
0
0
0
0
0
0
0
0
0
3.39075085350352
0
0
0
0
0
0
0
0
0
0
1.32979718278346
0
0
0
0
0
0
0
0
0
0
0
0
0
0
-2.93335774596397
0
0
0
0
-2.75747557306657
0
0
0
0
0
0
0
0
0
2.07624190621873
0
0
0
0
0
0
0
-2.47148281566903
2.7942120874287
0
0
0
-2.31961713116809
0
0
0
0
0
0
0
0
0
0
0
0
0
0
0
0
0
0
0
0
0
0
0
2.72221179180323
0
0
0
0
0
0
0
0
3.35314167175753
0
0
0
0
0
0
0
3.4754193343039
0
0
0
0
0
0
0
0
0
0
0
2.94653392343645
2.77375988559559
0
-3.08181916359855
0
0
0
0
0
0
0
0
0
0
-3.76910180680075
0
0
0
0
0
0
0
0
0
0
0
0
0
0
0
0
0
0
0
0
0
0
4.04615024989396
0
0
2.86785525877374
0
0
-1.64542916664692
0
0
0
0
2.19137004186388
0
0
0
0
0
2.23173556973218
0
3.11332679503905
0
4.79419471117339
0
0
0
0
0
0
0
0
0
0
0
0
0
0
-3.51603413953954
0
0
0
-4.08858457599458
0
-3.96494331838126
0
0
0
0
0
0
-1.89832525735769
0
0
0
0
0
-3.41319277367238
0
0
0
0
0
0
0
0
0
0
0
0
-4.0074755532133
4.18469010214797
0
3.33961732286423
0
0
0
0
0
0
0
0
0
0
0
0
0
0
0
0
0
0
0
0
0
0
0
0
