0
1.20727920674316
0
0
0
0
3.12024523539992
0
-1.25911799361713
0
0
0
0
0
0
0
0
0
0
0
0
0
0
0
0
-1.78497809060657
-0.154419818661215
-2.76781836272056
0
0
0
0
0
0
0
0
0
0
0
0
0
-4.06791285501767
0
0
0
0
0
-2.34737063366906
0
0
0
0
0
1.5600789800724
0
0
0
0
0
0
0
2.11813430786576
0
0
0
0
-0.188550681021544
0
0
0
0
0
0
3.49691247469273
0
0
0
0
0
0
0
0
0
0
0
0
0
0
0
0
0
0
0
0
0
0
1.419325899728
0
-5.62985896139
0
-0.769930152319454
0
0.424900630980488
0
3.90591582973963
0
5.82747065386526
4.76874514056276
4.98390241130506
0
0
1.76694382120424
-5.39919207124493
-3.49722369858759
0
4.41547766706644
0
0
3.60876754923597
0
0
0
0
4.49213766114334
4.16440699501682
0
-2.5946478449937
7.32090486881232
-3.83014098735364
0
0
0
2.17614991848532
0
0
3.45458748873277
0
0
0
-5.90818460307983
0
0
0
0
-2.64264705698145
0
0
-0.123162038084527
0
0.995263832821331
0
0
5.55643080408037
-0.363801266599736
0
3.478446309024
0
0
0
-6.83971756692604
0
0
0
0
0
0
0
0
-1.65976619327852
0
0
0
2.33386283633402
3.35515453155635
0
0
-0.574201160333244
0
0
0
0
3.06408212596616
4.75476493184244
0.400518426289285
0
0
-7.54842935721732
0
0
-4.60050738968093
0
0
0
0
4.66322195889949
1.00078787725638
0
0
0
0
0
0
0
0
0
0
0
0
0
0
0
0
0
0
-3.72731940387257
0
0
-5.45636942599154
0
0
0
0
0
0
2.68081367868585
3.26487165303792
0
0
0
0
0
0
0
0
0
0
0
0
0
0
3.31721664995688
0
0.114298724848301
-2.98395882669479
0
0
2.62271464910572
0
0
-4.10991683467862
0
0
-3.22480510263273
0
0
0
0
0
0
0
0
0
0
0
0
-1.93943926704591
-5.42803466782578
2.75211958915671
-0.149470487595765
0
-4.26319899117221
0
0
0
0
0
0
0
-2.7194882280452
5.11654487064541
0
0
0
0
3.703480469959
0
0
-3.99960830052523
0
3.93505318319714
0
0
0
0
0
-4.37180870232834
-3.34281825857792
0
0
0
0.35816964944105
1.26206748459587
0
0
0
0
0
0
3.53079256050423
0
-5.74159553841508
0
0
0
0
0
-1.75810752613371
0
1.10339816281457
0
0
0
0
0
0
1.67590883884677
0
0
0
0
0
0
0
0
0
0
0
-2.42921542494658
0
0
0
0
0
0
0
0
0
0
0
1.69812413896973
0
0
0
-4.35161260448551
0
0
0
0.0051989962025103
-4.32382569966649
0
-3.46502445526714
-1.21297776426993
0
0
0
0
0
0
-4.32276433002893
0
0
0
0
0
0
0
0
0
0
0
0
0
-2.35792017001861
0
0
-1.96155862057165
0.627228110619
0
-0.722725457855232
4.46892139989131
-3.61181702940955
0
0
0
0
2.88588015013685
0
0
0
0
0
-2.62156850231129
-3.44398791640054
0
0
-3.70553937485456
0
0
0
0
0
4.27859177032825
0
0
0
0
-3.24267276241841
0
2.56639278291569
0
0
0
0
-4.33081850923753
0
0
-1.77589873997831
0
0
0
0
0
0
-0.827486681844037
0
-0.555370692543198
0
0
0
0
0
0
0
0
1.49471707832582
0
0
0
-2.68662242000879
0
0
0
0
0
0
0
0
0
0
0
0
0
1.62755377139188
0
0
-1.53342559626151
0
0
0
0
0
0
0.182807638502182
2.00570604936415
0
0
7.14121529692467
1.65028463771296
0
4.03494377484882
0
0
0
0
0
0
-0.738596873981503
-3.15466380499212
0
0
0
-5.35140768604804
0
0
0
0
0
-3.68432476520982
4.57087849691985
0
0
0
0
0
0
0
3.86897496536731
0
0
0
0
0
0
0
0
0
0
-3.30777938322179
0
0
0
0
0
-2.84034411137285
-2.9060376979416
0
0
0
-1.85217572092766
0
0
0
3.47939289450389
4.88958413891447
0
0
0
0
0
0
0.000251361344258072
0
-3.40940783641073
0
0
0
0
0
1.93184126418619
0
0
0
0
0
0
0
-2.43474674307311
0
0
0
0
4.91038897677706
4.70256844077303
0
1.74474729381146
0
0
0
0
0
0
0
-4.34585021487805
0
-1.48619837606782
-2.6691633289199
0
0
0
0
-1.72003859695427
0
2.84600652277118
0
2.46603512546095
0
0
0
0
1.69467288830513
3.28185063637559
0
0
0
-1.85376712421617
1.43691421690419
0
0
0
0
0
0
-1.9247486304416
-1.09771682620567
0
3.06532654150947
0
0
0
0
-3.17205265751003
0
0
-2.52772565021473
0
0.595255680325382
1.88983325498757
3.34035343422301
0
2.13411777515572
0
0
0
0
-5.65958900232814
0
0
0
0
0
2.94323864129041
0
0
6.28600248209246
0
0
0
0
0
0
0
0
0
0
0
0
3.30483273523236
0
4.68524466714417
0
0
0
0
0
-0.35371599255002
0
-5.05119709128855
5.62902043171661
0
0
0
0
-5.24062124566476
0
0
0
0
0.696906802533852
-2.0968953511497
0
0
-3.10905918440575
2.43238948760921
0
-2.15184518821077
1.38190389230846
0
3.69719447626202
0
0
0
0.688097743592969
0
0
0
4.10037993462433
-2.16643965698252
0
4.32574855509107
0
0
0
4.64980620687759
0
0
0
0
0
-4.58647458533496
-4.32226702980703
0
0
0
0
0
0
0
0
0
0
0
0
0
-2.66932039663099
0
0
0
0
0
6.94819626043628
0
0
0
0
0
0
-3.23583879191844
0
0
0
-3.07868137291481
0
0
-4.01402679922418
-5.6700140786484
0
0
0
0
0
0
0
-7.82501811479104
0
-2.70687308346831
0
0
0
0
2.3063257583421
0
0
0
0
0
0
0
0
0
0
0
0
0
-5.02457920854205
0
5.05012282460977
0
0
0
0
0.517902140126604
0
0
3.30437637031111
0
-3.56678325437659
2.92459915618127
0
0
-5.10747883126179
0
0
0
0
0
-0.728644685549767
-1.33799190555913
0
0
4.55264364088541
0
0
0
0
1.51420254358932
-0.312237349826964
0
-6.78654475026064
0
-1.29589161513477
0
-1.22631011851764
0
0
5.63433384545345
0
0
0
0
-5.62640154194273
1.19552894222246
0
0
-1.34996745706636
0
0
0
0
0
0
-3.21931697219937
-1.41462449319989
0
-2.0792723578567
0
0
0
0
0
0
0.207729072987357
0
0
4.20454911567586
0
-1.24012390654747
0
-4.55386727351916
0
-1.74854608320455
0
0
5.12764290647107
0
0
0
0
-5.43194429150056
0
0
0
0.513183948411922
0
-2.54244338721324
-1.94016159907059
0
0
0
0
0
0
0
2.39719746246354
0
0
0
0
0
0
1.42831375620037
-2.66274271490391
-4.39934190063174
-0.0701244433342376
0
0
0
0
0
0
0
0
0
0
0
0
0
0
0
0
0
0
-1.42646910465589
0
0
0
0
0
0
0
-5.26376720315357
0
0
0
0
0
0
0
0
0
1.46915072343923
-5.42696320851115
0
0
0
0
0
0
0
0
0
0
-4.70745958694645
0
0
0
0
0
7.82412573195394
0
6.43982434895547
0
0
0
0
6.71635553745787
0
-4.44765592964771
2.40052867070499
0
0
0
1.26310709335905
0
0
0
2.18155550021345
-3.96773367137822
0
0
0
0
0
0
0
0
0
0
0
-1.00968009652195
0.873156624617367
0
0
4.09190563242338
0
0
0.866136224904046
0
0
0
4.07583066786921
-3.20659766358988
0
0
0
0
0
-0.274422662700254
0
0
0
0
-0.594358037503259
0
0
0
0
0
-3.4190703952678
0
-3.60597180881857
0
0
0
0
0
0
0
0
0
-3.72050900534299
0
0
0
0
0
0
-2.51801021223872
-5.37763744797575
0
0
0
0
0
0
-6.6022446484191
0
0
3.02602077432698
6.37276789075963
-4.59405825297001
0
-4.95455107564505
0
0
0
0
0
0
-3.13345446234814
0
0
0
0
0
0.653857591485251
-4.18029838396164
2.13485469253538
0
5.02998570053727
2.52927976928741
0
0
-1.91892629910425
0
-3.27237577514759
0.127681429249598
0
0
0
0.879138469636555
0
0
-4.35192979631455
-6.05661344501305
1.4192706256345
3.72366533768239
0
0
0
2.28281524301098
0
0
0
0
0
0
-1.84922227979175
3.49727470481558
0
0
0
0
0
-5.27582648571124
0
0
0
0
-3.00697370735917
0
0
0
0
0
0
0
0
0
0
0
0
2.23359704243845
0
0
0
3.02458439311813
0
-3.19012606894142
0
0
0
0
2.68636011735456
1.47108092749127
0
0
0
0
0
0
0
0
0
0
-3.40999401817578
0
-2.44479492599357
0
-0.61305687271962
0
0
0
0
0
0
0
0
0
0
0
4.93789581813105
0
-4.5266178796879
0
2.38332688463611
0
0
0
0
0
0
0
3.92098213693659
0
0
0
0
0
0
-0.309889472088742
0
0
0
0
0
-3.79702062389758
0
0
0
0
0
0
0
-0.189436696556686
-2.54949865661641
7.8888852975416
0
0
1.58242628401869
0
0
0
0
2.52537294635849
-0.721551304099374
0
0
1.92227595691437
0
-3.7110548801552
-4.86345534447579
0
0
0
0
0
0
0
0
1.80655351579933
0
0
1.57629230580472
0
5.38661447921266
0
0
2.20177133574333
7.24707611406522
-3.51265443539398
