-11.0827492959978
0
0
-6.69810693058744
0
0
0
5.50297223234141
0
0
0
0
0
0
0
0
-9.30861508135894
7.94104886595184
0
0
6.65089831134809
0
0
0
5.39391056582877
0
0
0
0
0
0
0
0
0
0
7.02086989039613
-10.3445079633398
0
7.36428341440511
0
0
0
0
0
0
0
0
0
0
-6.60373165450303
0
0
0
0
0
-4.7568893183899
0
6.52334355640205
0
0
0
0
0
0
-11.9922883265843
-8.47853571975424
10.58391545961
10.1405878542182
0
0
0
0
0
0
0
0
0
-7.79354607762184
9.66471216789282
0
0
0
0
-13.2150292503013
0
0
0
0
9.25331112337097
9.91477114025886
0
0
0
0
0
0
-7.69992618371484
0
0
-7.11500721449973
-9.05981988668976
0
0
0
0
0
0
0
7.89402211505702
0
-8.58215376268265
0
0
0
-5.61064848351083
10.4352645602981
0
-6.94242565660865
0
0
0
0
0
0
-6.96545433590786
5.14253342075059
0
5.92500392502371
0
0
0
0
7.16193327070012
0
-8.90236876396866
8.71648167299045
-9.54860531361432
0
0
0
0
0
0
7.30764008914376
0
0
-10.3331991106823
7.7039064324042
0
0
0
-8.02626894869608
0
0
0
0
0
-8.40221528741132
0
5.31401597736504
0
0
-7.54425453765553
0
0
0
0
0
0
-3.70320403427735
0
0
-7.64862392569755
0
0
2.59068914122104
0
0
0
0
0
0
-9.00277627545376
0
8.48551298445088
0
0
0
0
0
11.5462994169833
0
0
0
0
0
0
0
0
0
0
8.49617861923906
0
-6.34394442038569
0
0
0
0
-7.80256530572822
0
0
0
0
0
3.6904946468852
0
-11.2570096880045
8.77728634001449
0
0
-8.22974088994702
0
0
0
0
0
-8.16044664590389
0
6.67802515416202
0
0
0
-9.32267862797259
0
0
0
0
0
0
-8.78796294662876
9.2229222603574
0
0
-7.5116226040497
0
6.38755262345073
0
-9.72497766101291
0
0
0
0
0
0
0
0
0
0
0
0
3.12415019727583
9.34578798174612
-10.9551158696183
-8.46405809566008
0
0
6.54862717066386
0
0
-8.32906469742226
0
0
9.56640985864698
0
0
0
0
-7.74119818087316
8.4860963760975
0
0
0
0
0
0
0
0
0
0
0
0
0
0
0
0
0
0
6.74709739141104
-5.15113922827427
0
0
0
-8.04166983386254
0
0
0
0
-5.00176721950974
0
0
0
0
0
0
0
0
-8.96773594463819
0
-11.1596597749846
0
0
0
0
0
0
-7.46308614129047
8.78723621692242
0
0
0
0
6.85812245067565
0
0
0
0
0
0
0
0
0
-8.61339891084569
10.05969555837
0
0
0
-7.80143549869153
0
0
0
0
0
0
0
0
0
0
0
0
0
0
0
-9.62587814077794
0
4.0319482740687
0
-7.19560835577421
9.06357918740569
0
-5.95299217552872
0
0
0
-6.18494622762852
-10.3722331440936
0
0
0
0
0
0
-6.98264880405379
5.71578070915072
0
0
5.06670346237769
6.04347014648528
0
7.28044846787923
0
0
0
0
0
0
5.5240293498751
0
0
0
-7.87323708110594
