0
0
0
0
0
0
0
0
0
0
0
0
0
0
0
0
0
0
0
0
0
0
0
0
0
0
0
0
0
0
0
0
0
0
0
0
0
0
0
0
0
0
3.81158081276339
0
0
0
0
0
0
0
0
0
9.19639978795514
5.28556119042141
0
0
0
0
0
0
0
0
0
0
0
0
0
0
0
0
8.6495667293217
0
0
0
0
0
6.46596379504285
0
0
0
9.07370049195168
0
0
0
0
0
8.66068319734023
0
0
0
0
0
0
0
0
0
0
0
0
-5.65992622346934
0
0
0
0
0
0
0
0
0
0
0
3.31403807214812
0
9.41309524215414
0
0
0
0
0
0
0
0
0
0
0
0
0
0
0
0
0
4.37090856924946
0
0
0
0
5.92912820278145
0
0
0
0
0
0
0
0
0
0
0
7.29694523414153
0
0
0
0
0
0
5.32928332370863
0
0
-4.68706734132943
0
0
0
9.1532656103725
0
0
0
0
0
0
0
0
0
0
0
0
0
6.3833198895482
0
0
0
0
0
0
-2.99826886993649
0
0
0
0
0
0
0
0
0
0
0
0
0
0
0
0
0
0
0
0
8.62924334242381
0
0
0
0
0
0
0
0
0
0
0
0
0
0
7.73069121855763
6.24216721385098
0
0
0
0
6.62779094284498
0
0
0
0
0
0
0
0
0
0
7.27871716932664
0
0
0
0
0
0
0
0
0
0
0
0
0
0
0
0
0
0
0
0
0
0
0
9.34555539413725
0
0
0
0
0
0
0
0
0
0
0
0
0
0
0
0
8.09103996365634
0
0
0
0
0
0
0
0
0
0
7.62176736521768
0
0
0
0
0
0
0
0
0
0
0
0
0
0
0
-6.71593015978781
0
0
0
0
0
0
0
0
0
0
0
0
0
0
0
0
0
0
0
0
6.78200570065779
0
0
0
0
0
0
0
0
0
0
0
3.80451636690913
7.65460110091698
0
3.12291656833287
0
5.16586728711773
0
0
0
0
0
0
0
0
0
0
0
0
0
0
0
0
5.92367260777839
0
0
0
0
0
0
0
9.68527685482934
0
0
0
-7.47654664456313
0
0
0
0
0
0
0
0
0
0
0
-8.71102389244577
0
0
0
0
-4.96348470247777
0
0
0
0
0
0
0
-7.09769105320082
0
0
0
5.53996015583304
0
0
0
3.15184604527586
0
0
0
0
4.04984592541076
0
0
0
0
0
0
0
0
0
0
0
0
0
0
0
0
0
0
0
0
0
0
0
0
0
0
0
0
0
0
0
0
0
0
0
0
-4.19092805553109
0
0
0
0
0
0
0
0
0
0
0
0
0
0
0
0
0
0
7.37702232563686
0
0
0
0
0
0
0
0
0
0
0
0
0
0
0
0
0
0
0
6.73914226493679
0
0
0
0
0
0
0
0
0
0
0
0
7.93111992923148
0
0
0
0
4.07694958121255
0
0
0
0
0
0
0
0
0
0
0
0
0
0
8.32410687582
0
0
0
0
0
0
0
0
0
0
0
0
0
0
0
0
0
0
0
0
0
0
0
0
0
0
0
0
0
0
0
0
0
0
0
0
0
0
0
0
0
0
6.09164308537177
9.66753249094373
0
0
0
0
0
0
0
0
0
0
0
0
0
7.76731141661482
0
0
0
0
0
7.86497158922818
0
0
0
0
0
0
0
0
0
0
0
0
0
8.44428861033314
5.43576711939973
0
0
0
0
0
0
0
0
0
0
0
0
8.08026159688716
0
0
0
-6.85645268937357
0
0
0
0
0
0
0
0
0
0
0
0
0
0
0
0
0
0
0
7.07044148320458
0
0
0
0
0
0
0
0
0
0
0
5.89489636529838
0
0
0
0
0
0
0
-4.6580871018041
0
0
0
6.59143512581396
0
0
-4.4401109278705
0
7.62426678646598
0
0
0
0
0
0
7.38750768573293
7.40253364131659
0
0
0
0
0
0
0
0
0
-4.9810340059546
0
0
0
0
0
0
-5.67933778301671
-5.36445369855248
11.1427513979156
0
0
0
7.76079391756418
0
0
0
0
0
0
0
0
0
0
0
5.3620897489402
0
7.23557356528184
0
0
0
0
0
0
4.35166163481078
2.77968700077953
0
0
0
0
0
0
0
0
0
0
0
0
0
0
8.23995004625699
7.40991328032958
0
0
0
0
0
0
0
0
0
0
0
0
0
0
0
0
0
0
0
4.89582327154553
7.70682169337675
0
0
5.28283186404631
0
4.66547081940575
0
0
0
0
0
0
0
0
0
0
0
0
0
0
0
0
0
0
0
0
0
-4.99510619419964
0
0
0
0
0
6.94940014376579
0
0
0
0
0
0
0
0
0
0
0
0
0
