0
0
0
-1.25166839397718
0
0
0
0
5.6892447985101
0
-4.3763024483106
0
0
0
0
0
-0.513705185493521
0
0
0
0
0
0
0.750092642638152
0
0
0
-1.65114463442746
-0.340103858151143
0
0
0
0
0
0
0
0
0
0
0
0
0
-2.22332291808781
0
4.26046003120278
0
0
0
0
0
0
0
0
5.31740227071059
0
0
3.59587317894411
5.8777376051273
-2.49745619483937
0
0
3.50009932442468
0
0
0
0
0
0
0
3.93610855094208
0
7.97721854441451
0
-7.19526879490725
2.62712917772858
0
0
0
0
0
0
2.61157249690014
4.95402186002542
0
0
-2.966793575233
0
0
0
0
0
0
0
0
-0.116645026149572
0
0
1.54066606140322
-2.7618774957205
0
0
0
0
0
0
9.45345361967558
0
0
0
0
0
-5.02546138293946
0
0
1.73292305325267
0
0
0
0
0
1.65915807862529
0
0
0
0
0
3.02706904811514
0
0
0
0
0
0
0
0
0
-4.65445366869709
0
-1.5657102911972
-6.47387451602151
0
-1.81332122177606
0
-1.96003526559195
-11.8517935687274
0
0
0
0
0
1.08756565477482
0
0
0
-4.94086673311144
-1.46445500986143
0
8.20407797632461
0
0
0
0
0
0
2.61912575083512
0
0
0
0
0
0
0
0
-0.72730919676709
0
0
9.93777193842802
0.278951936718505
-3.85502545751557
-1.72039201661835
2.16377986651743
0
-5.3594713328653
0
0
-2.22123866618991
0
6.91845239204115
0
0
0
0
0
0.90974569695027
0
0
0
0
2.31403872930414
0
-5.17311094530614
0
0
0
0
0
-2.7530727129299
0
0
0
0
0
0
0
0
0
0
0
0
0
0
0
0
0
0
0
0
0
0
0
0
0
0.950095300933304
0
0
0
0
0
0
-2.23718185080321
0
0
0
7.73158715353838
0
0
0
0
0
0
0
1.52346802024166
0
4.28340835104868
0
0
4.51536712449923
0
0
0
0
0
0
0
0
0
0
0
0
0
1.59481577234078
0
0
0
0
0
0
4.48764791017277
0
0
4.35643427072877
3.45523729495038
0
-6.62026203615274
0
0
0
-4.68538890806088
0
6.75222226652375
0
0
0
0
0
2.07837622038329
0
0
-3.45659983564346
0
-4.11620773732312
3.70530456660396
0
0
0
0
0
0
0
0
-1.96524055191595
0
-7.49167951928695
-2.71987178114804
-4.34409776918555
0
-5.89221562264676
0
0
0
0
-0.0187484560987264
0
-6.38226766590252
-2.19185200157527
-2.15032160318136
0
0
0
0
0
-1.00809597418644
0
0
2.04318536202853
0
0.490014453500931
0
0
0
-3.06117090092279
0
0
0
0
0
0
0
0
0
0
0
0
0
1.19530318544166
0
-9.06165611315457
6.75883928342102
0.5892803055103
0
-1.09249186280502
-2.07351257284521
0.250850426662294
0
-6.01839614121673
0
0
0
0
0
-7.99689248807923
0
0
0
0
-9.06227331470365
0
3.18330307617399
0
0
0
0
0
2.07748887336942
0
0
1.69036671441139
0
0
0
0
9.03224743008201
0
2.61234938435365
0
0
0
9.64528910904271
0
1.34732101111046
