14 136
86 191
54 72
48 172
126 164
120 184
81 89
107 169
94 187
90 172
137 162
49 194
111 135
83 162
144 182
157 178
46 108
14 146
31 192
32 143
91 95
48 54
121 159
63 100
7 40
20 127
76 191
6 28
64 157
38 80
79 156
185 189
105 171
6 7
159 190
19 177
78 120
20 57
3 25
95 107
24 192
166 187
132 170
120 139
81 116
100 163
38 155
122 173
57 103
25 139
79 193
146 162
22 179
116 193
21 42
77 175
127 151
181 193
177 181
27 140
5 95
59 101
11 161
62 159
169 174
145 191
17 55
96 171
28 165
14 116
59 121
45 92
162 194
40 99
82 128
55 143
138 197
4 170
1 100
100 120
74 84
9 169
140 140
104 108
34 57
149 150
7 68
32 101
116 151
96 196
23 121
101 191
13 102
160 179
69 117
86 160
55 145
159 160
23 134
14 91
22 92
66 190
13 144
117 135
130 195
12 161
123 193
109 148
31 158
31 103
124 187
43 140
41 189
15 53
101 147
32 48
23 104
47 138
87 128
62 104
8 167
14 180
120 174
15 195
84 98
49 104
108 141
4 71
33 177
19 135
35 128
83 172
111 124
120 175
36 100
54 176
120 127
3 128
73 131
39 178
29 30
54 192
58 143
62 84
3 107
137 197
4 182
51 63
110 125
13 190
10 100
119 183
38 198
144 162
114 180
136 191
14 74
75 182
8 67
120 138
125 163
35 146
123 189
182 194
26 124
17 191
6 71
78 157
75 160
69 109
68 110
66 148
59 60
128 153
74 117
9 27
108 140
51 195
54 79
5 46
72 174
72 196
36 137
120 199
11 73
129 188
12 125
35 200
4 7
9 188
3 106
35 58
14 145
61 143
37 69
86 182
44 85
125 185
8 95
70 73
