0
0
0
0.151075927102129
0
0
0
0
0
0
0
0
0
0
0
0
0.188789076089721
0
0.0453372215797685
0
-0.0894933241112812
-0.314990640455807
0
0
0
0
0
0
0
0.118950007247059
0
0
0
0
0
-0.118643908844081
0
0.178423936198476
0
0
-0.374601033065187
-0.154096092182236
0
0
0
0.414435804183441
0
0.299983186289197
0
0
0
0
0.405712902189962
0
-0.11695549218382
0
-0.0301363110266794
0
0
-0.10220862821563
0
0.143349080284653
0
0
0.543450010479224
0
0
-0.249389713085822
0
0
0
0
0
0
0
0
0
0.0441994840955333
0
-0.160376792868485
0
0
0
0
0
0
0
0
0
0
0
0.123201460153599
0
0.469245548552743
-0.0163695253773837
0
-0.144371598238658
0.0079858384754933
-0.132044948687794
0
0.0731639524554645
0.192171052007171
0
0.183160210057548
0
0.230542436939567
-0.299524156528438
0
0
0
0
0
0.211281348479223
0
0
0
0
0
0
-0.299632197981992
0
0
0
0
0
0
0
-0.103911449526859
-0.0798575456365436
-0.343714608651913
-0.0183369134124745
0.0615322896996594
0
0
0
0
0
0
0.38017449431242
-0.27653312199841
0
0
0.318246497374621
0.0922953519132534
0
0
0
0
0
0.370859944516527
0
0.264026170371205
0.597540078743404
0
-0.0811639384445707
0
0
0
0
0
0
0
0
0
0
0
0
0
0
-0.66448875616857
0
0
0.0145562859919045
0
0
0
0
0
0
0
0
0
0
0
0
-0.0558605197716978
0
0
0
0.00227117210904033
0
0.211292802755892
0
-0.276730032619577
0
0
0
0
0.317616334239873
0
0
0.143918406323349
0
0
0
0
0
0
0
0
0
-0.103064121981918
0
0
0
0
0
0
0
0
-0.239761375320179
0
0
0
0
0
0
-0.043155106409396
0.20260380995066
0
0
0
-0.112974459278887
0
0
0
0
0
0
0
0
0
-0.153956812624149
0
0
0.484638267016774
0
0
0
0
0
-0.0165408127143404
0
0
0
0
0.379091533172886
0
0
0
0
0
0
0.122579990289515
0
0
-0.121342615694881
-0.445070043010316
-0.0184934661658744
0.231901107344658
0
0.0471784356899656
0.320993139471545
0
0
0
0
0
0
0
0
0
0
0
0
-0.783921680700879
0
0
0
-0.15189333531784
0
0.0708566223139649
-0.429744236536731
-0.175755298380909
-0.535978716002322
0
0
0
0
-0.0296033436212372
0
0
0.410991799327681
0.0492942329322351
0
0
-0.0137167009717758
0
0
0
0
0.0882312268286225
0
0.0435727241221761
0
-0.170476665438759
0
0
0.182133952326877
0
0
-0.0594139030649667
0
0
0
0
0.0232047714359042
-0.135938057931124
-0.250531891420553
-0.0997134279068138
0
0
0.455236560444427
0
0
0
0
0
-0.00536002744786963
0
0
-0.224002596356235
0
0
0
0
0
0.0137466012246883
0
0
0
0
0
0
-0.29578552153174
0
0
0
0
0
0
0
-0.343035230531694
-0.413165665913107
0
0
0
0
0
0
0
0
0
0
0
0
0
0
0
0
0
0.0405729310974805
0
0
0
-0.329354971537073
0
0
0
0
0
0
0.266707441157054
0
0
0
0
0
0
0
